   7.1748424e+00
   9.3454802e+00
   5.4362393e+00
   4.9352774e+00
   6.5299666e+00
   1.2489303e+01
   1.1344750e+01
   9.4422171e+00
   7.6244439e+00
   7.0536729e+00
   7.5006477e+00
   8.4954984e+00
   1.1000351e+01
   9.3248795e+00
   1.0868222e+01
   5.6665574e+00
   3.5768259e+00
   7.2839713e+00
   5.5093621e+00
   8.4836530e+00
   5.2600532e+00
   8.8723608e+00
   7.0086121e+00
   8.6268643e+00
   7.6676434e+00
   1.0779675e+01
   5.7924903e+00
   7.3502804e+00
   5.0916890e+00
   4.7179018e+00
   1.0629312e+01
   7.3256435e+00
   8.1434557e+00
   6.7253422e+00
   8.6131891e+00
   7.6157550e+00
   8.2912147e+00
   6.1553989e+00
   7.3217327e+00
   1.0988213e+01
   9.5004113e+00
   8.3903224e+00
   6.2678937e+00
   8.4767710e+00
   3.7479286e+00
   9.9737430e+00
   7.4386379e+00
   8.0782540e+00
   1.2260171e+01
   9.1457077e+00
   1.0277088e+01
   9.9589660e+00
   7.3009203e+00
   7.8823661e+00
   8.0893275e+00
   7.2671423e+00
   7.5369006e+00
   4.2527361e+00
   8.1197477e+00
   7.6946965e+00
   4.7695644e+00
   6.8584208e+00
   5.3235771e+00
   8.3536286e+00
   5.8947128e+00
   8.8289395e+00
   7.6856747e+00
   8.9971130e+00
   9.4571310e+00
   5.7941953e+00
   7.6637442e+00
   4.6013444e+00
   6.2440758e+00
   8.0223396e+00
   6.8423887e+00
   9.7072049e+00
   5.5502555e+00
   6.6656777e+00
   1.1068323e+01
   9.5518748e+00
   4.1816076e+00
   7.8513989e+00
   8.1948040e+00
   5.6413229e+00
   1.1828557e+01
   6.6184553e+00
   9.5411227e+00
   1.0044833e+01
   9.0486656e+00
   8.3598471e+00
   9.1332375e+00
   5.9692446e+00
   5.9539000e+00
   7.3573666e+00
   3.4242359e+00
   7.2055016e+00
   1.2874040e+01
   8.6884557e+00
   8.5703846e+00
   7.5906429e+00
   7.7913248e+00
   6.5521168e+00
   1.0749387e+01
   7.2675191e+00
   8.6360381e+00
   6.1986785e+00
   6.2302372e+00
   6.7832588e+00
   6.6767593e+00
   5.0151817e+00
   7.8779890e+00
   5.0808270e+00
   8.1638079e+00
   8.9917703e+00
   9.3944898e+00
   9.8026442e+00
   1.1499978e+01
   6.3248299e+00
   6.3079812e+00
   1.0301245e+01
   1.0846870e+01
   7.1085992e+00
   6.6410483e+00
   6.9794039e+00
   5.0905780e+00
   8.5030206e+00
   9.3138935e+00
   1.2632440e+01
   7.2681856e+00
   7.6756359e+00
   8.7415776e+00
   8.5651424e+00
   1.2532203e+01
   8.6778093e+00
   1.2048630e+01
   9.7592419e+00
   1.0962636e+01
   6.0314009e+00
   1.1077434e+01
   6.2310463e+00
   1.0651373e+01
   5.6651371e+00
   1.3495369e+01
   9.4003716e+00
   8.4779306e+00
   7.6702078e+00
   8.1349713e+00
   8.2665092e+00
   8.2554926e+00
   8.6696964e+00
   5.8777844e+00
   7.1677639e+00
   8.9103142e+00
   8.0964260e+00
   7.2131940e+00
   9.4162760e+00
   9.8113903e+00
   7.3387928e+00
   6.0124030e+00
   1.0126080e+01
   7.4883715e+00
   6.8017680e+00
   1.1523448e+01
   1.0158712e+01
   6.1841625e+00
   1.1474364e+01
   4.6369312e+00
   9.1758556e+00
   1.0101157e+01
   7.5098934e+00
   4.7767739e+00
   6.7104071e+00
   6.8867102e+00
   9.2929845e+00
   7.9146157e+00
   8.0382534e+00
   9.9273518e+00
   6.7023408e+00
   6.3710949e+00
   7.4396329e+00
   5.3197539e+00
   5.6401304e+00
   7.5239236e+00
   6.4680896e+00
   6.2817490e+00
   7.2296774e+00
   1.0558024e+01
   1.0496390e+01
   8.4768024e+00
   8.4298975e+00
   6.4734618e+00
   5.9506615e+00
   6.6517135e+00
   1.0228297e+01
   9.9038164e+00
   9.6879868e+00
   7.2492580e+00
   9.9805482e+00
   8.0825569e+00
   5.7666014e+00
   1.0148424e+01
   6.6396270e+00
   6.8117603e+00
   6.8166250e+00
   1.0326139e+01
   5.5391681e+00
   8.6129655e+00
   8.3497804e+00
   9.3747146e+00
   9.1908517e+00
   1.0032841e+01
   1.0109785e+01
   7.2336350e+00
   1.0164104e+01
   8.2167254e+00
   1.0458615e+01
   1.0711015e+01
   9.8160726e+00
   7.3195614e+00
   8.5072421e+00
   8.1335583e+00
   8.4310921e+00
   6.7087051e+00
   8.1572710e+00
   7.9736728e+00
   1.0693697e+01
   8.4431877e+00
   4.5265488e+00
   6.2060201e+00
   8.5186261e+00
   5.6538263e+00
   7.3496912e+00
   1.0216152e+01
   9.2274305e+00
   7.2212961e+00
   9.4837356e+00
   6.8118636e+00
   6.1306767e+00
   9.4261316e+00
   9.9899979e+00
   4.1925503e+00
   9.4782356e+00
   4.9130367e+00
   8.7637089e+00
   1.1313483e+01
   8.4525377e+00
   9.7198046e+00
   6.7993299e+00
   6.1056820e+00
   4.8658324e+00
   9.7681584e+00
   7.0692740e+00
   9.9114281e+00
   8.2011927e+00
   5.7146491e+00
   9.6895726e+00
   8.9205727e+00
   8.1572447e+00
   6.3121717e+00
   5.3394425e+00
   1.0030120e+01
   9.5472158e+00
   1.2276732e+01
   1.0201013e+01
   7.7111438e+00
   4.8546925e+00
   7.1314331e+00
   1.1989181e+01
   8.8751573e+00
   8.8768029e+00
   1.1358176e+01
   6.2575058e+00
   7.0387241e+00
   5.6859312e+00
   1.0409756e+01
   1.1621555e+01
   1.0232395e+01
   5.3140396e+00
   9.4954995e+00
   7.0686099e+00
   8.4055649e+00
   6.8595055e+00
   9.7166293e+00
   6.0402189e+00
   8.7864942e+00
   1.1303632e+01
   5.9401202e+00
   1.0725549e+01
   5.3641177e+00
   5.4196044e+00
   9.6343634e+00
   7.1912858e+00
   1.1408467e+01
   9.1171812e+00
   9.9433180e+00
   6.1203370e+00
   6.6782111e+00
   1.2187194e+01
   9.2325614e+00
   4.9941742e+00
   4.9906970e+00
   4.5969480e+00
   7.4897870e+00
   1.3302615e+01
   4.3286284e+00
   8.2800744e+00
   1.1834894e+01
   9.9503522e+00
   1.2377134e+01
   4.5040190e+00
   7.8467921e+00
   6.6558942e+00
   6.9407562e+00
   1.0581270e+01
   6.8161839e+00
   8.5704737e+00
   1.0406361e+01
   9.0530593e+00
   1.0826361e+01
   6.7539179e+00
   9.8338875e+00
   4.9769440e+00
   9.0311148e+00
   8.8326293e+00
   7.1993594e+00
   9.2191410e+00
   3.2615496e+00
   1.1663910e+01
   6.1244814e+00
   8.8592825e+00
   9.2248969e+00
   4.7391710e+00
   7.0530647e+00
   4.7046220e+00
   9.5562091e+00
   8.1567568e+00
   1.0427226e+01
   6.0177517e+00
   9.7888507e+00
   8.5009138e+00
   7.6921349e+00
   1.0235972e+01
   4.9544593e+00
   6.8886946e+00
   7.1884673e+00
   6.2173537e+00
   7.0058778e+00
   1.2548621e+01
   9.1265185e+00
   8.5343540e+00
   8.3872823e+00
   7.4747371e+00
   8.2163468e+00
   9.3748064e+00
   7.7367753e+00
   5.0375626e+00
   9.2590969e+00
   5.0847375e+00
   8.5194089e+00
   9.4500861e+00
   7.0487673e+00
   8.9417485e+00
   1.1474293e+01
   8.2244319e+00
   7.7484799e+00
   1.0481770e+01
   6.7939959e+00
   1.1323150e+01
   1.1797966e+01
   8.4462424e+00
   9.2173573e+00
   5.9959456e+00
   7.8349664e+00
   1.1479788e+01
   8.6018582e+00
   7.7069972e+00
   1.1728373e+01
   7.1417640e+00
   7.8770882e+00
   7.9569509e+00
   1.1061140e+01
   9.4223481e+00
   7.1369698e+00
   9.4970531e+00
   7.0000196e+00
   1.1739836e+01
   3.5096727e+00
   8.8399930e+00
   1.0222630e+01
   8.0682872e+00
   5.6259267e+00
   9.8704026e+00
   6.9621997e+00
   9.4861422e+00
   7.4837712e+00
   9.1944373e+00
   7.6276114e+00
   9.7940534e+00
   6.7899566e+00
   1.2774419e+01
   1.0560545e+01
   9.5445552e+00
   6.7083160e+00
   9.5546683e+00
   7.3502491e+00
   1.1502690e+01
   9.4901524e+00
   1.0783315e+01
   7.6465391e+00
   7.0467004e+00
   8.5210285e+00
   7.1318362e+00
   6.5741216e+00
   1.0652483e+01
   5.9970902e+00
   8.4746283e+00
   1.1289819e+01
   5.7254680e+00
   1.0326357e+01
   7.8161070e+00
   6.1288643e+00
   5.6313781e+00
   9.2174673e+00
   1.3869194e+01
   9.4857974e+00
   7.1757135e+00
   1.2188373e+01
   6.5930703e+00
   7.3450433e+00
   9.8401124e+00
   3.6688932e+00
   5.9173868e+00
   8.3444006e+00
   8.8459610e+00
   6.0664699e+00
   8.4336424e+00
   8.2860639e+00
   8.0781409e+00
   9.8028039e+00
   7.3157847e+00
   8.7315378e+00
   6.8890475e+00
   5.8165918e+00
   8.7938311e+00
   1.6862093e-01
   7.0631166e+00
   6.7945868e+00
   8.8237973e+00
   8.6506421e+00
   1.0177078e+01
   6.9250132e+00
   8.1413568e+00
   7.1994360e+00
   1.1477010e+01
   7.7371800e+00
   6.1914836e+00
   1.1264646e+01
   4.4181771e+00
   6.7061138e+00
   6.1168809e+00
   6.6948840e+00
   6.8023050e+00
   1.0851446e+01
   8.5657139e+00
   1.3194781e+01
   6.9671897e+00
   7.8453652e+00
   7.9147625e+00
   1.0439515e+01
   8.4507952e+00
   7.8872173e+00
   7.6829025e+00
   1.0673666e+01
   8.8813109e+00
   7.4471081e+00
   8.2292890e+00
   1.2446717e+01
   1.1041023e+01
   7.2363432e+00
   7.4353811e+00
   9.0280010e+00
   6.1945651e+00
   7.5037225e+00
   5.7936352e+00
   4.2522549e+00
   7.1516386e+00
   7.7617107e+00
   9.0530728e+00
   7.8064768e+00
   4.5038071e+00
   9.2284545e+00
   6.5029773e+00
   5.5082837e+00
   1.0647916e+01
   8.9393321e+00
   8.1037252e+00
   8.3323544e+00
   1.1390944e+01
   6.9625812e+00
   6.8332244e+00
   3.6624934e-02
   3.3111433e+00
   2.6421562e+00
   2.5542500e+00
   7.8282341e-01
   1.5487956e+00
   2.2515020e+00
   2.6540380e+00
   1.5461304e+00
  -2.9242119e-01
   8.5193773e-01
   2.2765756e+00
   1.7729210e+00
   3.8710967e+00
  -1.6071151e-01
   2.5732771e-01
   2.3445615e+00
   4.2017451e-01
   3.3257637e+00
   2.7676167e+00
   1.7541113e+00
   4.2721841e-01
   2.1479752e+00
   2.8449574e+00
   2.4214526e+00
   1.5523912e+00
   1.7796638e+00
   3.5188817e+00
   3.2171014e+00
   2.6685722e+00
   3.9415011e-01
  -1.1310047e+00
   9.2510171e-01
   8.7603619e-01
   1.4472208e+00
   1.2550070e+00
   2.7429567e+00
   1.1843419e+00
   4.0027279e+00
   1.8561035e+00
   2.0690175e+00
  -3.9347964e-01
   9.6150064e-01
  -9.8300638e-01
   1.5003103e+00
   2.8302429e+00
   3.6597055e+00
   4.4498161e-02
  -5.0521233e-01
   2.4606760e+00
   2.1674202e+00
   8.2252684e-01
   2.7375540e+00
   1.8470729e+00
   2.4803530e+00
   1.4988774e+00
   9.6947116e-01
   3.1565688e+00
   3.3233633e+00
   3.7237759e+00
   1.4580113e+00
   1.4022274e+00
   2.4112933e+00
   1.2859091e+00
   2.4797508e+00
   1.1184626e+00
   1.7552490e+00
   3.0287998e-01
  -3.1113591e-01
   2.2074630e+00
   1.6322085e+00
   1.0447655e+00
   1.8767833e+00
   1.5648868e+00
   3.5559613e+00
   1.5024044e+00
   3.4855392e+00
   1.0894414e+00
   9.5045920e-01
  -2.4148724e-01
   2.4851645e+00
   2.4410127e+00
   3.9187394e+00
   4.7824057e+00
   3.6191265e+00
   2.4023434e+00
   3.2310534e+00
   2.1251057e+00
   1.8402956e+00
   1.3011087e+00
   2.8675007e+00
   2.3859995e+00
   6.8865548e-01
   2.6729521e+00
   3.1648632e+00
   1.9971620e+00
   2.1509029e+00
   2.5181944e+00
   1.0840646e+00
   1.1037278e+00
   3.7338909e+00
   3.2126628e+00
   3.4540821e+00
   1.2176576e+00
   3.2642397e+00
   3.1398745e+00
   3.0525865e+00
   1.7115387e+00
   2.1397256e+00
   4.5304417e+00
   2.5933904e+00
   1.6683254e-01
   1.7950384e+00
  -3.5437807e-01
   2.8785291e+00
   1.0085821e+00
   1.8795555e+00
   2.5212313e+00
   2.3643879e+00
   2.8140387e-01
   1.1798650e+00
   7.8393090e-01
   1.3735003e+00
   4.3507587e+00
   2.3365879e+00
   2.2887561e-01
   2.8401932e+00
   1.5780146e+00
   3.0686784e+00
   1.5494715e+00
   2.0736594e+00
   3.5007442e+00
   2.3927129e+00
   3.6303691e+00
   1.7660344e+00
   1.8336236e+00
   2.5089728e+00
   1.5103794e+00
   2.4323059e+00
   2.6836665e+00
   1.5483618e+00
   8.1028149e-01
   1.4756148e+00
   1.6495155e+00
   2.7786183e+00
   2.0313282e+00
   3.1454500e+00
   1.0961439e+00
   2.5419374e+00
   2.9916708e+00
   2.6788094e+00
   1.0886431e+00
   2.6424026e+00
   1.2975988e+00
   2.0079366e+00
   1.3998329e+00
   3.1437656e+00
  -1.4390281e-01
   2.2295799e+00
   1.8222607e+00
   7.3212518e-01
   2.1497442e+00
   1.5355543e+00
   3.2627140e+00
  -3.3230010e-01
   2.3174413e+00
   2.6455211e+00
  -5.4360475e-01
   2.9950231e+00
   3.5365767e+00
   2.9115222e+00
   4.0183510e+00
   2.7677455e+00
  -3.9984824e-01
   7.2691061e-01
   3.6313551e+00
   1.6735090e+00
   6.8799688e-01
  -5.4378947e-01
   5.5254375e-01
   1.1556296e+00
   2.6988528e+00
   2.7430675e+00
   3.9910548e+00
   3.2132072e+00
   1.0842449e+00
   2.1154823e+00
   2.4586422e+00
   2.6513773e+00
   5.3862542e-01
   1.1066463e+00
   1.5663442e+00
   1.8695741e+00
   4.1253897e+00
   2.4685059e+00
   8.0014005e-01
   2.1317524e+00
   2.0273761e+00
   1.8283977e+00
   3.7118831e+00
   4.3689785e+00
   2.1680259e+00
   2.3458083e+00
   5.3928823e-01
   3.2341924e+00
   9.8220144e-01
   2.3008478e+00
   2.3329981e+00
   1.8172489e+00
   2.5822607e+00
   2.0837724e+00
   4.6079927e+00
   3.8124160e+00
   4.6114880e+00
   3.1803923e+00
   2.1355036e+00
   2.2361552e+00
   2.2433729e+00
   3.1025897e+00
   1.6278038e+00
   2.3855255e+00
   1.0395471e+00
   3.2251248e+00
   1.4080373e+00
   4.0606259e-01
   1.6649117e+00
   1.3666229e+00
   9.6548719e-01
   1.3005861e+00
   2.7633681e+00
   1.9133604e+00
   1.0744704e-01
   3.7385736e+00
   2.2633708e+00
   2.9179970e+00
   6.3701857e-01
   1.8112236e+00
   3.3812076e+00
   6.5003129e-01
   2.5136358e+00
   3.9535717e+00
   1.1470670e+00
  -4.8075184e-01
  -4.2483706e-01
   1.8952623e+00
   3.6810423e+00
   1.5997523e+00
   1.7401775e+00
  -4.5415816e-02
   2.3980202e+00
   2.1697294e+00
   2.8182691e+00
   1.1505976e+00
   3.7692386e+00
   1.8176270e+00
  -1.6168884e-02
   1.7504731e+00
   3.6745323e+00
   2.5817732e+00
  -1.8569158e-01
   4.1338097e+00
   2.6829865e+00
   2.0998977e+00
   1.9683647e+00
   1.7583434e+00
   1.7052831e+00
   7.8482434e-01
   3.3942560e+00
   1.8858435e+00
   3.2044268e+00
   2.7490818e+00
   2.1410901e+00
   2.5275539e+00
   9.2198363e-01
   2.6295671e+00
   3.9974842e+00
   3.4787409e+00
   2.4061390e+00
   2.5879938e+00
   1.9785371e+00
   8.1795204e-01
   1.1527245e+00
   9.3956623e-01
   1.4429721e+00
   3.2108291e+00
   3.2828703e+00
   3.6626167e+00
   2.7334497e+00
   3.4579159e+00
  -3.1179879e-01
   2.0802293e+00
  -1.1547823e+00
   3.4513124e+00
   1.2055571e+00
   3.2389045e+00
   3.0595736e+00
   1.4633258e+00
   9.6950365e-01
   1.6301982e+00
   1.7490060e+00
   2.1622705e+00
   1.6789003e+00
   2.5336451e+00
   6.9731635e-01
   1.8533567e+00
   1.5733815e+00
   1.7927644e+00
   1.2032957e+00
   1.3654160e+00
   2.2061104e+00
   2.3944205e+00
   2.8146868e+00
   1.7860971e+00
   2.7854599e+00
   2.4963996e+00
   1.4895444e+00
   1.4277819e+00
   2.8371956e+00
  -7.5875235e-01
   3.4085544e+00
   2.7864624e+00
   5.7111247e-01
   4.4461732e+00
   1.9166022e+00
   3.3378727e+00
   5.5022457e+00
   1.1483339e+00
   2.1811701e+00
  -1.6071672e+00
   7.2548649e-01
   1.3165460e+00
   3.1546289e+00
   1.3636476e+00
   2.2085163e+00
   1.7067504e+00
   2.8534018e+00
   5.2142251e+00
   1.8768310e+00
   9.1177921e-01
   1.3531893e+00
   1.3586841e+00
   1.2545281e+00
   4.5511081e+00
   2.0226319e+00
   2.1256471e+00
   9.7396339e-01
   1.3417298e+00
   2.9102888e+00
   2.1033966e+00
   2.9791330e+00
   2.1048628e+00
   1.3263149e+00
   3.8407723e+00
   2.1666862e+00
   5.2065956e+00
   3.3240500e+00
   2.5351750e-01
   6.4214972e-01
   8.4536798e-01
   1.5402759e+00
   2.0061852e+00
   2.8791213e+00
   3.7825119e+00
   2.2375251e+00
   2.0944658e+00
   1.0231861e+00
   2.1711918e+00
   2.3341900e+00
   2.5044890e+00
   3.7027919e+00
   6.2348905e-01
   2.6641944e+00
   3.2668697e-01
   3.5096511e+00
   5.1688747e+00
   3.1621187e+00
   4.6397706e-01
   2.1767723e+00
   1.5158431e+00
   3.8087071e-01
   8.8942275e-01
  -3.5294875e-01
   1.2235804e+00
   3.3162651e+00
   2.4541096e+00
  -9.7171474e-01
   3.3919629e+00
   3.0763326e+00
   5.3879314e-01
   1.1434902e+00
   2.4336767e+00
   3.7936901e-01
   7.0801457e-01
   7.5539856e-01
   2.6095935e+00
   2.0677695e+00
   1.2298430e+00
   5.8756305e-01
   1.5842492e+00
   8.6533156e-01
   3.6667586e+00
  -3.5980236e-01
   1.2456754e+00
   3.7066661e-01
   3.5633101e+00
   2.8429443e+00
   9.8583471e-01
   1.4921575e+00
   2.5501979e+00
   2.2938924e+00
  -1.2807493e+00
  -3.9350685e-01
   1.3866481e+00
   3.4139277e+00
   2.5270430e+00
   7.5545078e-01
   2.7077810e+00
   1.1696547e+00
   5.8359501e-01
   2.1091953e+00
   1.4804345e+00
   1.7910374e+00
   8.2516420e-01
   2.0130501e+00
   1.1265488e+00
   6.9999337e-01
   3.1481590e+00
   1.9866336e+00
   4.7893679e-01
   3.6140314e+00
   1.0568743e+00
   2.1122005e+00
   6.5283672e-01
   4.3504461e+00
   4.3505269e+00
   1.9771875e+00
   1.1366450e+00
   3.1833340e+00
   2.4238367e+00
   1.9051943e+00
   3.9348494e+00
   3.4556091e+00
   2.2091023e+00
   2.7293753e+00
   1.9804581e+00
   2.4669167e+00
   2.9686996e+00
   3.3871811e+00
   9.5313065e-01
   2.1406643e+00
   2.8112072e+00
   4.3187519e-01
   1.8690051e+00
   1.2165519e+00
   1.6491719e+00
   2.3184566e+00
   1.1337377e+00
   2.9789770e+00
   2.1882596e+00
   3.8588915e+00
   1.9103332e+00
   1.6708266e+00
   2.2714805e+00
   2.6758588e+00
   3.3538093e+00
   6.9856505e-01
   2.6601921e+00
   3.9267634e-01
   2.8392559e+00
   6.1042556e-01
   1.9861548e+00
   3.8506051e+00
   2.1906958e+00
   1.1914272e+00
   1.3149528e+00
   2.0820207e+00
   2.6321797e+00
   1.1069900e+00
   2.5220085e+00
   1.1500538e+00
   2.0356383e+00
   2.3227771e+00
   1.6338864e+00
   1.9280463e+00
   2.9880413e+00
   1.6143627e+00
  -5.2555417e-01
   2.7216214e+00
   6.6826871e-01
   2.4709201e+00
   1.3403689e+00
   3.2660928e+00
   2.1235656e-01
   1.1953848e+00
   2.4436673e+00
   2.7969692e+00
   1.9197629e+00
   1.4013016e+00
   6.0871243e-01
   2.1783592e+00
