   9.1346884e+00
   5.9602050e+00
   1.2326374e+01
   9.4772964e+00
   8.7977978e+00
   9.0427381e+00
   9.1199480e+00
   9.7264254e+00
   9.1976198e+00
   7.0938760e+00
   6.3783899e+00
   4.9969909e+00
   6.0221077e+00
   6.5714940e+00
   1.1161062e+01
   9.9034815e+00
   9.3426663e+00
   1.0717662e+01
   9.7496117e+00
   7.1878920e+00
   5.7334579e+00
   9.2604277e+00
   1.1203644e+01
   4.6575033e+00
   5.9580640e+00
   4.5525671e+00
   6.3063434e+00
   5.7962679e+00
   1.1339900e+01
   6.5798265e+00
   6.0586422e+00
   9.3784871e+00
   1.0286668e+01
   5.4774478e+00
   6.5362865e+00
   6.6869405e+00
   7.1936427e+00
   7.7734247e+00
   7.5996726e+00
   7.8268800e+00
   8.4132163e+00
   8.1433309e+00
   8.0259838e+00
   9.5527881e+00
   6.9075136e+00
   8.4149452e+00
   8.1582635e+00
   4.2715330e+00
   8.6037810e+00
   6.7296025e+00
   8.3194441e+00
   6.9655466e+00
   1.0116517e+01
   6.1453375e+00
   5.9754113e+00
   6.7914864e+00
   7.1330786e+00
   9.0909094e+00
   7.4659517e+00
   4.1888615e+00
   1.0371367e+01
   7.2926602e+00
   8.0205221e+00
   6.9892332e+00
   8.7830360e+00
   7.4484347e+00
   6.5213985e+00
   6.9272200e+00
   1.2818171e+01
   7.7999277e+00
   7.1332139e+00
   6.7389487e+00
   8.8571620e+00
   7.3370725e+00
   9.2187839e+00
   8.5976431e+00
   7.6581088e+00
   6.1615905e+00
   9.7245931e+00
   9.4744992e+00
   7.4101619e+00
   5.7032350e+00
   1.1455034e+01
   1.0636497e+01
   1.0147557e+01
   7.7717537e+00
   1.0674643e+01
   1.0409030e+01
   8.5104574e+00
   8.0516297e+00
   6.9280634e+00
   7.0012373e+00
   5.3365655e+00
   1.1496158e+01
   9.5557644e+00
   8.6367551e+00
   4.5723734e+00
   1.0483913e+01
   7.7016446e+00
   8.6810483e+00
   1.0213612e+01
   9.5032095e+00
   1.0995553e+01
   4.9186639e+00
   3.1223134e+00
   6.4738696e+00
   8.5095836e+00
   5.8782038e+00
   7.1460024e+00
   7.4262446e+00
   9.4166180e+00
   6.9968380e+00
   7.4584685e+00
   8.3105956e+00
   8.8926368e+00
   6.2621441e+00
   6.8627328e+00
   6.0564102e+00
   5.0768295e+00
   8.9908359e+00
   7.8293877e+00
   9.1154986e+00
   8.3787431e+00
   1.1508810e+01
   6.7376361e+00
   7.5247696e+00
   1.0936826e+01
   1.0117461e+01
   3.2661339e+00
   9.8557883e+00
   1.1161203e+01
   8.3419440e+00
   7.4707592e+00
   8.6656845e+00
   5.7249277e+00
   9.0222088e+00
   5.3567299e+00
   7.6015087e+00
   9.4540518e+00
   8.9331858e+00
   3.3100976e+00
   7.7049009e+00
   6.7626997e+00
   7.1353912e+00
   7.5929052e+00
   6.5873021e+00
   7.3001996e+00
   6.8273883e+00
   7.1586130e+00
   9.5959077e+00
   7.9167503e+00
   6.7700681e+00
   7.3826101e+00
   9.2782712e+00
   9.3337982e+00
   9.3505257e+00
   9.2135868e+00
   7.1571548e+00
   1.0117498e+01
   3.3183349e+00
   7.2520462e+00
   8.3600716e+00
   1.0046308e+01
   7.6516875e+00
   7.8039431e+00
   8.9516766e+00
   1.1200259e+01
   6.6972938e+00
   7.8522988e+00
   8.7596376e+00
   9.0449684e+00
   8.4467260e+00
   9.3865002e+00
   5.5283708e+00
   7.6563554e+00
   6.9986825e+00
   9.9043502e+00
   8.3714762e+00
   5.4368237e+00
   9.0550565e+00
   8.2124015e+00
   9.0193798e+00
   6.7137552e+00
   6.0846595e+00
   9.3640587e+00
   8.0936217e+00
   7.2776493e+00
   5.5816884e+00
   6.1659230e+00
   9.9584545e+00
   8.0425547e+00
   7.4238179e+00
   5.6488369e+00
   9.4672171e+00
   5.5324489e+00
   8.3816281e+00
   6.6839320e+00
   7.9852331e+00
   6.7796190e+00
   4.9123947e+00
   6.0982137e+00
   5.8445773e+00
   1.3150870e+01
   9.7932959e+00
   6.3540173e+00
   1.1070675e+01
   1.1604902e+01
   7.0163290e+00
   6.4455084e+00
   2.9453755e+00
   7.4045825e+00
   6.8471190e+00
   1.1354245e+01
   6.3746003e+00
   9.8375826e+00
   4.5982595e+00
   7.0778274e+00
   7.1161997e+00
   8.4776209e+00
   7.8407550e+00
   4.3768352e+00
   7.1024816e+00
   8.3060018e+00
   4.9709412e+00
   5.8455502e+00
   1.0096887e+01
   9.0326875e+00
   1.0165959e+01
   6.6589052e+00
   3.8919731e+00
   7.4901308e+00
   7.3211329e+00
   8.6633490e+00
   1.0061385e+01
   9.4492059e+00
   1.0462456e+01
   8.2268879e+00
   8.0631295e+00
   9.1687517e+00
   9.8295612e+00
   7.4090052e+00
   9.6833964e+00
   6.5632860e+00
   7.2980301e+00
   8.6515155e+00
   8.1747466e+00
   3.0943967e+00
   1.0997422e+01
   9.7096915e+00
   9.4452247e+00
   7.9587870e+00
   8.1978042e+00
   5.8668005e+00
   8.5097427e+00
   9.0284033e+00
   9.0306715e+00
   6.5656013e+00
   7.9320307e+00
   8.2254546e+00
   7.7782611e+00
   3.9131591e+00
   9.1990341e+00
   8.7761915e+00
   8.9695265e+00
   7.0116307e+00
   9.5333237e+00
   7.2438276e+00
   6.0518881e+00
   6.1316703e+00
   1.0541126e+01
   6.7325314e+00
   6.4667933e+00
   9.6314957e+00
   5.5484921e+00
   7.4748640e+00
   7.4449098e+00
   6.3909499e+00
   9.9287085e+00
   8.3536205e+00
   9.5391556e+00
   6.3311302e+00
   7.2533060e+00
   9.7590578e+00
   5.0561630e+00
   7.4583473e+00
   7.9337187e+00
   9.0636277e+00
   8.7037492e+00
   5.7105586e+00
   4.3754404e+00
   8.7592347e+00
   7.1118136e+00
   8.2953259e+00
   1.0161884e+01
   7.8868605e+00
   8.3479536e+00
   1.0367577e+01
   9.8540019e+00
   9.3065363e+00
   6.3466029e+00
   7.6940619e+00
   6.9145381e+00
   8.8281656e+00
   9.5000631e+00
   5.3618031e+00
   7.4471320e+00
   8.4870321e+00
   8.6020897e+00
   8.1366462e+00
   4.5504647e+00
   7.3947089e+00
   9.5160807e+00
   1.1925499e+01
   9.4998796e+00
   4.8865820e+00
   8.7991692e+00
   1.0055467e+01
   9.1013655e+00
   6.1011281e+00
   6.9324280e+00
   8.7107297e+00
   1.0635643e+01
   7.8438073e+00
   7.9755761e+00
   1.0284992e+01
   1.0291003e+01
   8.7198809e+00
   5.6920806e+00
   6.9601227e+00
   9.2547949e+00
   9.9126510e+00
   9.0750144e+00
   7.1227993e+00
   8.4907855e+00
   5.2710963e+00
   9.6438288e+00
   6.8478805e+00
   1.1524422e+01
   7.1437281e+00
   7.2873977e+00
   7.1092141e+00
   1.2005251e+01
   8.9701820e+00
   4.9162386e+00
   5.4057350e+00
   1.0183257e+01
   8.5279301e+00
   9.3322459e+00
   5.6464676e+00
   6.6283981e+00
   8.6692270e+00
   4.4865982e+00
   8.0179853e+00
   8.8958738e+00
   6.0320060e+00
   7.3276859e+00
   1.0316715e+01
   1.0908584e+01
   5.9069591e+00
   8.7651729e+00
   8.2912055e+00
   5.8007170e+00
   9.8691395e+00
   6.9533364e+00
   9.2369690e+00
   5.5142858e+00
   7.9568910e+00
   9.3781993e+00
   8.9695612e+00
   7.0042261e+00
   9.0794640e+00
   6.5107496e+00
   5.7639938e+00
   8.6294682e+00
   9.4752828e+00
   8.8418283e+00
   6.0655326e+00
   9.1924390e+00
   8.3045393e+00
   8.0579437e+00
   7.4224828e+00
   7.4826951e+00
   1.0009922e+01
   6.9224966e+00
   6.4863909e+00
   8.3449523e+00
   9.0123633e+00
   7.6381234e+00
   1.1190766e+01
   9.8217421e+00
   1.0357518e+01
   1.0298260e+01
   7.4924210e+00
   2.4612239e+00
   1.0514956e+01
   6.9778361e+00
   1.1911993e+01
   8.5727045e+00
   5.7629969e+00
   5.3716333e+00
   6.8939601e+00
   7.7140221e+00
   9.0186520e+00
   6.1436233e+00
   1.0817386e+01
   9.8180436e+00
   7.2167128e+00
   3.8259851e+00
   7.8560030e+00
   8.5273937e+00
   9.6249667e+00
   6.9501895e+00
   6.4275541e+00
   9.3826719e+00
   9.7996209e+00
   7.0894851e+00
   8.9272852e+00
   7.7388758e+00
   8.1924462e+00
   8.1053351e+00
   6.1838957e+00
   6.0969254e+00
   8.2793337e+00
   8.7833725e+00
   5.5210816e+00
   9.2356075e+00
   6.2905093e+00
   1.0338800e+01
   7.5435578e+00
   6.8567233e+00
   9.8756245e+00
   7.5890293e+00
   8.0689294e+00
   4.2642207e+00
   5.0422800e+00
   8.8843531e+00
   6.4336485e+00
   8.4733740e+00
   8.8637070e+00
   4.3310408e+00
   9.4449705e+00
   9.1797970e+00
   7.0421797e+00
   9.6129418e+00
   5.6531079e+00
   1.0602450e+01
   7.5923384e+00
   4.1820306e+00
   5.1886815e+00
   6.7677173e+00
   8.7386555e+00
   5.6209286e+00
   7.2774572e+00
   9.5821915e+00
   6.7739189e+00
   6.3477433e+00
   1.0334197e+01
   6.9636829e+00
   8.3907897e+00
   8.5333002e+00
   8.5855772e+00
   7.1985806e+00
   7.0440012e+00
   6.0665829e+00
   1.1283766e+01
   7.8149218e+00
   5.6386732e+00
   1.0298416e+01
   9.1905769e+00
   5.9469197e+00
   4.7569120e+00
   8.8362206e+00
   8.5720576e+00
   8.4308752e+00
   3.6785780e+00
   9.1005321e+00
   8.9479142e+00
   1.0364511e+01
   8.5452283e+00
   6.2773659e+00
   6.2403547e+00
   5.1574086e+00
   1.1190357e+01
   7.1434728e+00
   6.3943337e+00
   4.8409001e+00
   1.0513984e+01
   9.7352178e+00
   6.6670701e+00
   9.9113469e+00
   6.8246627e+00
   6.8795409e+00
   7.2112185e+00
   5.3854159e+00
   6.2361475e+00
   7.9869329e+00
   7.2591406e+00
   7.4786481e+00
   8.8577315e+00
   9.4244870e+00
   8.8175544e+00
   6.1956353e+00
   9.6882840e+00
   9.1742564e+00
   8.4852106e+00
   1.2374191e+01
   1.3104139e+01
   1.0864943e+01
   5.7380822e+00
   9.0135421e+00
   9.8849666e+00
   9.7657249e+00
   7.8044740e+00
   1.3009676e+01
   6.2915945e+00
   7.5006560e+00
   5.8596940e+00
   6.6308305e+00
   7.2636951e+00
   7.1991325e+00
   9.9667381e+00
   7.8804722e+00
   8.1748750e+00
   8.0027750e+00
   1.0902168e+01
   1.0270456e+01
   5.8479059e+00
   9.0697142e+00
   9.5941231e+00
   7.0375418e+00
   5.7589231e+00
   7.7919073e+00
   7.5806331e+00
   7.8775462e+00
   7.8065616e+00
   7.1636675e+00
   4.6033864e+00
   6.2733596e+00
   7.1305915e+00
   6.6196565e+00
   4.9592340e+00
   7.5187585e+00
   1.3218416e+01
   8.8041717e+00
   6.3025591e+00
   7.2545721e+00
   9.5699586e+00
   9.0036927e+00
   9.6719273e+00
   1.2032988e+01
   5.5316797e+00
   8.2837831e+00
   6.8529157e+00
   7.3917875e+00
   6.7469580e+00
   6.7397905e+00
   6.9205515e+00
   3.4278034e+00
   7.0807022e+00
   5.8756603e+00
   8.2264189e+00
   8.3618625e+00
   9.0026741e+00
   8.0511084e+00
   7.1421690e+00
   7.8277333e+00
   6.8942591e+00
   9.1489622e+00
   1.0312134e+01
   6.4818470e+00
   7.7999456e+00
   6.9540456e+00
   7.5421165e+00
   7.3897091e+00
   1.1306053e+01
   9.9321828e+00
   6.3654324e+00
   1.0513363e+01
   9.1120646e+00
   6.0704946e+00
   1.0146575e+01
   4.4033784e+00
   8.4523426e+00
   1.1544078e+01
   5.3329425e+00
   6.4351906e+00
   5.6085626e+00
   8.5350661e+00
   4.6048284e+00
   7.8217081e+00
   5.0112268e+00
   8.0086333e+00
   7.9719588e+00
   8.6385694e+00
   8.2945294e+00
   5.1772036e+00
   9.0324344e+00
   9.7386724e+00
   8.0143495e+00
   1.1392349e+01
   5.7236730e+00
   1.1301741e+01
   8.2008110e+00
   5.4979667e+00
   7.8566560e+00
   6.6841089e+00
   8.2657435e+00
   1.0743080e+01
   7.5910978e+00
   3.3730941e+00
   9.1869164e+00
   7.1963001e+00
   8.5383757e+00
   7.9852696e+00
   9.4354002e+00
   9.6018976e+00
   7.4828994e+00
   8.1074290e+00
   8.1775332e+00
   8.0305914e+00
   9.8441075e+00
   9.2505235e+00
   6.9668376e+00
   7.7942809e+00
   8.0753061e+00
   6.8285706e+00
   9.5045422e+00
   5.5714406e+00
   7.9512993e+00
   6.2593416e+00
   8.2674561e+00
   7.6225415e+00
   5.5944593e+00
   8.1891131e+00
   6.7954677e+00
   8.3183930e+00
   9.6366656e+00
   1.0090842e+01
   8.0717660e+00
   8.2575089e+00
   8.6688992e+00
   8.3818038e+00
   1.1019590e+01
   8.1500054e+00
   1.1501283e+01
   7.8629278e+00
   7.3705995e+00
   5.1556859e+00
   9.2474678e+00
   7.8364525e+00
   9.0926505e+00
   6.3612261e+00
   1.1215044e+01
   9.6870984e+00
   8.7752833e+00
   7.2212908e+00
   8.8306102e+00
   7.6529276e+00
   1.0521980e+01
   5.5591470e+00
   7.8919418e+00
   1.0830978e+01
   1.2181786e+01
   8.3162091e+00
   8.9112170e+00
   8.4430188e+00
   5.4705414e+00
   6.5348927e+00
   8.1297072e+00
   6.9208965e+00
   8.0294987e+00
   9.3208165e+00
   9.7222165e+00
   5.3543678e+00
   7.0734394e+00
   7.4518858e+00
   1.0694645e+01
   8.7292629e+00
   5.9897507e+00
   6.8086753e+00
   6.5367422e+00
   7.2127568e+00
   9.8745770e+00
   8.3201522e+00
   6.9906298e+00
   9.2808640e+00
   9.2780857e+00
   3.2416324e+00
   7.5449068e+00
   1.2486145e+01
   8.7841235e+00
   6.3574139e+00
   7.3401820e+00
   1.0124412e+01
   7.2849178e+00
   9.1928417e+00
   7.7525993e+00
   7.9697461e+00
   7.3988204e+00
   7.2958829e+00
   7.8016497e+00
   9.5150465e+00
   1.0003079e+01
   6.5348152e+00
   7.7970489e+00
   7.1600041e+00
   6.2784901e+00
   1.1096599e+01
   8.3290104e+00
   7.8221171e+00
   1.2050009e+01
   8.5652513e+00
   7.9711070e+00
   7.5930310e+00
   7.4962581e+00
   5.8673228e+00
   8.5064231e+00
   1.1690091e+01
   3.1038118e+00
   1.0130607e+01
   9.6625984e+00
   1.0630703e+01
   8.7847957e+00
   8.4376027e+00
   9.8020934e+00
   6.4280081e+00
   1.9345513e+00
   8.2768697e+00
   7.0296138e+00
   1.0366895e+01
   4.4997185e+00
   5.5988977e+00
   7.9394645e+00
   8.6138695e+00
   9.6555346e+00
   8.9213756e+00
   9.8099713e+00
   8.1086657e+00
   7.9519956e+00
   9.6252019e+00
   7.4034224e+00
   4.3276473e+00
   1.1896041e+01
   9.8888709e+00
   8.5378955e+00
   7.2679837e+00
   8.5056860e+00
   1.0012495e+01
   1.0257443e+01
   1.0153434e+01
   6.0908522e+00
   9.2337739e+00
   6.9821457e+00
   6.6741240e+00
   4.3323669e+00
   9.2583860e+00
   1.0537425e+01
   3.6309031e+00
   5.6752737e+00
   1.1843416e+01
   7.0624701e+00
   1.0529918e+01
   6.7862846e+00
   1.0367505e+01
   6.8410990e+00
   9.1212476e+00
   5.8311306e+00
   5.7674024e+00
   9.7391720e+00
   7.6680089e+00
   8.3353428e+00
   9.1078859e+00
   1.1877822e+01
   6.3034383e+00
   5.1542434e+00
   6.6043379e+00
   1.0650503e+01
   5.8105330e+00
   8.2078249e+00
   9.9063660e+00
   1.2559327e+01
   8.6902443e+00
   6.7594057e+00
   8.5890133e+00
   8.4032221e+00
   1.2023658e+01
   4.8721135e+00
   1.0905535e+01
   1.0858417e+01
   1.0175468e+01
   8.6671259e+00
   1.0047715e+01
   4.3246535e+00
   6.6472994e+00
   1.0207386e+01
   1.0662914e+01
   6.0654893e+00
   9.5026031e+00
   6.8725086e+00
   4.7713947e+00
   1.1318197e+01
   7.2324380e+00
   9.6705521e+00
   4.3558756e+00
   8.2756469e+00
   1.2269288e+01
   8.2821532e+00
   1.0450425e+01
   6.7000620e+00
   9.9670595e+00
   7.3302240e+00
   9.4802109e+00
   7.7866001e+00
   8.7487877e+00
   9.2194418e+00
   6.4384625e+00
   8.2866248e+00
   6.8527544e+00
   9.8543124e+00
   8.1541444e+00
   8.5640357e+00
   9.5494699e+00
   9.6292442e+00
   8.8466640e+00
   9.4972855e+00
   6.4764437e+00
   1.2124833e+01
   1.1439640e+01
   1.2972723e+01
   4.7804920e+00
   8.4933596e+00
   7.3539799e+00
   6.4828768e+00
   1.0895959e+01
   8.6781315e+00
   3.9129237e+00
   9.4188801e+00
   5.9393701e+00
   1.1070494e+01
   5.4105781e+00
   8.6425823e+00
   7.7647851e+00
   7.5930735e+00
   9.1744240e+00
   6.1183566e+00
   8.1563808e+00
   1.1959951e+01
   9.3936268e+00
   6.9105014e+00
   7.2621164e+00
   9.9853156e+00
   7.6602570e+00
   1.1045376e+01
   9.4938206e+00
   7.4064284e+00
   9.9450623e+00
   5.0027119e+00
   1.0765377e+01
   7.3528370e+00
   8.7437160e+00
   6.8870935e+00
   8.5871928e+00
   1.1570677e+01
   7.1149410e+00
   8.5017024e+00
   6.4428183e+00
   7.6769750e+00
   8.4264507e+00
   8.1940381e+00
   1.0454117e+01
   1.0581337e+01
   9.8710482e+00
   7.8760239e+00
   7.6649349e+00
   1.0897082e+01
   6.4438220e+00
   8.7802251e+00
   7.0950858e+00
   1.0028447e+01
   8.9460344e+00
   7.7574467e+00
   1.0317501e+01
   9.9577892e+00
   8.5262581e+00
   3.7180854e+00
   6.5032590e+00
   5.6702427e+00
   7.9049401e+00
   6.5695215e+00
   3.2025288e+00
   7.2711755e+00
   4.8832842e+00
   7.3789036e+00
   8.2812900e+00
   1.1384907e+01
   5.3168038e+00
   7.6874100e+00
   1.0724221e+01
   7.6065761e+00
   1.0832135e+01
   7.9932552e+00
   5.9818945e+00
   6.9095201e+00
   1.0222911e+01
   7.1115220e+00
   1.0929663e+01
   6.7741069e+00
   7.2885865e+00
   8.3101897e+00
   9.7107798e+00
   1.0298529e+01
   7.0719195e+00
   1.0863239e+01
   6.9752350e+00
   1.0239838e+01
   6.9988083e+00
   7.7083528e+00
   3.5822790e+00
   8.3298910e+00
   7.3438861e+00
   9.1906468e+00
   1.0514597e+01
   8.5948136e+00
   7.1728398e+00
   1.0991712e+01
   4.7813256e+00
   6.8735495e+00
   1.0284051e+01
   6.4864993e+00
   9.6884975e+00
   6.2339065e+00
   7.5419215e+00
   6.7296473e+00
   6.5467683e+00
   7.0627097e+00
   9.4896743e+00
   4.5345876e+00
   8.4474596e+00
   5.1448108e+00
   7.3899999e+00
   7.8158219e+00
   1.0428731e+01
   5.7801923e+00
   7.4773523e+00
   1.0225369e+01
   5.6078822e+00
   4.3638570e+00
   9.0879566e+00
   7.0734652e+00
   1.1353258e+01
   5.9548387e+00
   8.0631264e+00
   8.7363892e+00
   7.9954147e+00
   7.6834516e+00
   5.8202371e+00
   6.8918927e+00
   9.4020986e+00
   1.0190960e+01
   8.2921780e+00
   8.7277954e+00
   9.1153085e+00
   1.2027186e+01
   6.8362173e+00
   7.8242160e+00
   5.5652914e+00
   6.1828919e+00
   8.2786774e+00
   8.9748861e+00
   9.0901111e+00
   8.8887130e+00
   6.0813799e+00
   9.2232082e+00
   7.0117316e+00
   7.3774597e+00
   3.4358150e+00
   5.8860430e+00
   4.3019347e+00
   7.2972389e+00
   6.1340367e+00
   7.0938793e+00
   8.5283046e+00
   5.2196754e+00
   9.4912830e+00
   9.8346461e+00
   7.6447345e+00
   7.6053031e+00
   7.6570828e+00
   9.2018015e+00
   8.1715972e+00
   6.4941605e+00
   6.4064849e+00
   7.0214801e+00
   6.8007373e+00
   7.1160539e+00
   8.2965240e+00
   6.7841475e+00
   9.7205912e+00
   7.3996261e+00
   8.7570505e+00
